   2.77777785E-04   0.00000000    
   5.55555569E-04   0.00000000    
   8.33333354E-04   0.00000000    
   1.11111114E-03   0.00000000    
   1.38888892E-03   0.00000000    
   1.66666671E-03   0.00000000    
   1.94444449E-03   0.00000000    
   2.22222228E-03   0.00000000    
   2.49999994E-03   0.00000000    
   2.77777785E-03   0.00000000    
   3.05555551E-03   0.00000000    
   3.33333341E-03   0.00000000    
   3.61111108E-03   0.00000000    
   3.88888898E-03   0.00000000    
   4.16666688E-03   0.00000000    
   4.44444455E-03   0.00000000    
   4.72222222E-03   0.00000000    
   4.99999989E-03   0.00000000    
   5.27777756E-03   0.00000000    
   5.55555569E-03   0.00000000    
   5.83333336E-03   0.00000000    
   6.11111103E-03   0.00000000    
   6.38888869E-03   0.00000000    
   6.66666683E-03   0.00000000    
   6.94444450E-03   0.00000000    
   7.22222216E-03   0.00000000    
   7.49999983E-03   0.00000000    
   7.77777797E-03   0.00000000    
   8.05555563E-03   0.00000000    
   8.33333377E-03   0.00000000    
   8.61111097E-03   0.00000000    
   8.88888910E-03   0.00000000    
   9.16666631E-03   0.00000000    
   9.44444444E-03   0.00000000    
   9.72222257E-03   0.00000000    
   9.99999978E-03   0.00000000    
   1.02777779E-02   0.00000000    
   1.05555551E-02   0.00000000    
   1.08333332E-02   0.00000000    
   1.11111114E-02   0.00000000    
   1.13888886E-02   0.00000000    
   1.16666667E-02   0.00000000    
   1.19444449E-02   0.00000000    
   1.22222221E-02   0.00000000    
   1.25000002E-02   0.00000000    
   1.27777774E-02   0.00000000    
   1.30555555E-02   0.00000000    
   1.33333337E-02   0.00000000    
   1.36111109E-02   0.00000000    
   1.38888890E-02   0.00000000    
   1.41666671E-02   0.00000000    
   1.44443056E-02   6.21027539E-06
   1.47216106E-02   1.57027025E-05
   1.49984993E-02   2.88296524E-05
   1.52749717E-02   4.49613071E-05
   1.55508053E-02   6.40777653E-05
   1.58261117E-02   8.60303408E-05
   1.61005836E-02   1.10791283E-04
   1.63739715E-02   1.38676434E-04
   1.66461114E-02   1.69941937E-04
   1.69171393E-02   2.04593976E-04
   1.71868615E-02   2.42389986E-04
   1.74553599E-02   2.83254427E-04
   1.77226104E-02   3.26959562E-04
   1.79880839E-02   3.73435876E-04
   1.82519443E-02   4.22791549E-04
   1.85141116E-02   4.74860281E-04
   1.87746659E-02   5.29683195E-04
   1.90334730E-02   5.87028160E-04
   1.92901399E-02   6.46819361E-04
   1.95442773E-02   7.09080021E-04
   1.97964441E-02   7.73940992E-04
   2.00462788E-02   8.41276778E-04
   2.02937778E-02   9.10949660E-04
   2.05389727E-02   9.82945901E-04
   2.07817499E-02   1.05716649E-03
   2.10224167E-02   1.13358733E-03
   2.12606397E-02   1.21204869E-03
   2.14961395E-02   1.29241217E-03
   2.17291936E-02   1.37468916E-03
   2.19595823E-02   1.45861786E-03
   2.21869722E-02   1.54442131E-03
   2.24119164E-02   1.63182511E-03
   2.26340815E-02   1.72083138E-03
   2.28533335E-02   1.81115721E-03
   2.30700281E-02   1.90314348E-03
   2.32842509E-02   1.99666363E-03
   2.34956946E-02   2.09133117E-03
   2.37049442E-02   2.18750513E-03
   2.39111669E-02   2.28467910E-03
   2.41143610E-02   2.38269544E-03
   2.43141111E-02   2.48148572E-03
   2.45102774E-02   2.58081313E-03
   2.47036926E-02   2.68119108E-03
   2.48942785E-02   2.78230780E-03
   2.50814166E-02   2.88408413E-03
   2.52653062E-02   2.98639876E-03
   2.54455842E-02   3.08897672E-03
   2.56225262E-02   3.19179078E-03
   2.57960558E-02   3.29500507E-03
   2.59659458E-02   3.39844008E-03
   2.61323620E-02   3.50190024E-03
   2.62956116E-02   3.60572385E-03
   2.64558196E-02   3.70948156E-03
   2.66127624E-02   3.81286442E-03
   2.67672781E-02   3.91627895E-03
   2.69185696E-02   4.01945133E-03
   2.70664729E-02   4.12126584E-03
   2.72118617E-02   4.22336394E-03
   2.73542516E-02   4.32452327E-03
   2.74934731E-02   4.42455802E-03
   2.76300274E-02   4.52320045E-03
   2.77639572E-02   4.62097814E-03
   2.78950967E-02   4.71739657E-03
   2.80241240E-02   4.81284270E-03
   2.81509161E-02   4.90693282E-03
   2.82753203E-02   5.00004459E-03
   2.83973888E-02   5.09226602E-03
   2.85166800E-02   5.18258521E-03
   2.86339596E-02   5.27187949E-03
   2.86339596E-02   5.27187949E-03
   2.86339596E-02   5.27187949E-03
   2.86339596E-02   5.27187949E-03
   2.86339596E-02   5.27187949E-03
   2.86339596E-02   5.27187949E-03
   2.86339596E-02   5.27187949E-03
   2.86339596E-02   5.27187949E-03
   2.86339596E-02   5.27187949E-03
   2.86339596E-02   5.27187949E-03
   2.89117377E-02   5.27187949E-03
   2.91895140E-02   5.27187949E-03
   2.94672921E-02   5.27187949E-03
   2.97450703E-02   5.27187949E-03
   3.00228484E-02   5.27187949E-03
   3.03006265E-02   5.27187949E-03
   3.05784028E-02   5.27187949E-03
   3.08561809E-02   5.27187949E-03
   3.11339591E-02   5.27187949E-03
   3.14117372E-02   5.27187949E-03
   3.16895135E-02   5.27187949E-03
   3.19672935E-02   5.27187949E-03
   3.22450697E-02   5.27187949E-03
   3.25228497E-02   5.27187949E-03
   3.28006260E-02   5.27187949E-03
   3.30784023E-02   5.27187949E-03
   3.33561823E-02   5.27187949E-03
   3.36339585E-02   5.27187949E-03
   3.39117385E-02   5.27187949E-03
   3.41895148E-02   5.27187949E-03
   3.44672911E-02   5.27187949E-03
   3.47450711E-02   5.27187949E-03
   3.50228474E-02   5.27187949E-03
   3.53006274E-02   5.27187949E-03
   3.55783999E-02   5.27187856E-03
   3.58561799E-02   5.27187856E-03
   3.61339562E-02   5.27187856E-03
   3.64117362E-02   5.27187856E-03
   3.66895124E-02   5.27187856E-03
   3.69672887E-02   5.27187856E-03
   3.72450687E-02   5.27187856E-03
   3.75228450E-02   5.27187856E-03
   3.78006250E-02   5.27187856E-03
   3.80784012E-02   5.27187856E-03
   3.83561775E-02   5.27187856E-03
   3.86339575E-02   5.27187856E-03
   3.89117338E-02   5.27187856E-03
   3.91895138E-02   5.27187856E-03
   3.94672900E-02   5.27187856E-03
   3.97450663E-02   5.27187856E-03
   4.00228463E-02   5.27187856E-03
   4.03006226E-02   5.27187856E-03
   4.05784026E-02   5.27187856E-03
   4.08561788E-02   5.27187856E-03
   4.11339551E-02   5.27187856E-03
   4.14117351E-02   5.27187856E-03
   4.16895114E-02   5.27187856E-03
   4.19672914E-02   5.27187856E-03
   4.22450677E-02   5.27187856E-03
   4.25228477E-02   5.27187856E-03
   4.28006239E-02   5.27187856E-03
   4.30782661E-02   5.27218962E-03
   4.33555692E-02   5.27318195E-03
   4.36324552E-02   5.27542923E-03
   4.39089276E-02   5.27830375E-03
   4.41847667E-02   5.28292451E-03
   4.44600694E-02   5.28881652E-03
   4.47345451E-02   5.29678632E-03
   4.50079292E-02   5.30711608E-03
   4.52800691E-02   5.32063609E-03
   4.55510952E-02   5.33648906E-03
   4.58208211E-02   5.35560399E-03
   4.60893214E-02   5.37771173E-03
   4.63565700E-02   5.40265348E-03
   4.66220416E-02   5.43149468E-03
   4.68859002E-02   5.46396105E-03
   4.71480675E-02   5.50010055E-03
   4.74086255E-02   5.53942425E-03
   4.76674326E-02   5.58270328E-03
   4.79240976E-02   5.62981330E-03
   4.81782369E-02   5.68165258E-03
   4.84304056E-02   5.73714636E-03
   4.86802384E-02   5.79654565E-03
   4.89277355E-02   5.86017035E-03
   4.91729304E-02   5.92724513E-03
   4.94157076E-02   5.99785103E-03
   4.96563762E-02   6.07158616E-03
   4.98945974E-02   6.14887010E-03
   5.01300991E-02   6.22958830E-03
   5.03631495E-02   6.31324062E-03
   5.05935401E-02   6.39982708E-03
   5.08209318E-02   6.48958609E-03
   5.10458760E-02   6.58198586E-03
   5.12680449E-02   6.67676982E-03
   5.14872894E-02   6.77438267E-03
   5.17039858E-02   6.87380275E-03
   5.19182086E-02   6.97539840E-03
   5.21296524E-02   7.07872817E-03
   5.23389019E-02   7.18334131E-03
   5.25451228E-02   7.28977844E-03
   5.27483188E-02   7.39799999E-03
   5.29480688E-02   7.50758685E-03
   5.31442352E-02   7.61825917E-03
   5.33376522E-02   7.73040717E-03
   5.35282344E-02   7.84293283E-03
   5.37153743E-02   7.95694254E-03
   5.38992658E-02   8.07128754E-03
   5.40795438E-02   8.18595476E-03
   5.42564876E-02   8.30120780E-03
   5.44300117E-02   8.41669645E-03
   5.45999035E-02   8.53242911E-03
   5.47663197E-02   8.64784047E-03
   5.49295694E-02   8.76336079E-03
   5.50897904E-02   8.87859240E-03
   5.52467518E-02   8.99333134E-03
   5.54013290E-02   9.10671148E-03
   5.55526651E-02   9.21996124E-03
   5.57006747E-02   9.33121145E-03
   5.58461584E-02   9.44179110E-03
   5.59887104E-02   9.55123175E-03
   5.61280921E-02   9.65841860E-03
   5.62648997E-02   9.76396073E-03
   5.63991033E-02   9.86790005E-03
   5.65306246E-02   9.96918604E-03
   5.66600487E-02   1.00682583E-02
   5.67873195E-02   1.01655815E-02
   5.69122359E-02   1.02608325E-02
   5.70348799E-02   1.03543513E-02
   5.71548268E-02   1.04446206E-02
   5.72727956E-02   1.05331708E-02
   5.73887937E-02   1.06188413E-02
   5.75022548E-02   1.07018873E-02
   5.76138310E-02   1.07825883E-02
   5.77235930E-02   1.08601563E-02
   5.78316376E-02   1.09361596E-02
   5.79382293E-02   1.10087097E-02
   5.80434725E-02   1.10798702E-02
   5.81469759E-02   1.11478753E-02
   5.82487322E-02   1.12135671E-02
   5.83490729E-02   1.12757375E-02
   5.84479719E-02   1.13359559E-02
   5.85459210E-02   1.13935322E-02
   5.86427636E-02   1.14492923E-02
   5.87383956E-02   1.15034012E-02
   5.88328205E-02   1.15546100E-02
   5.89258261E-02   1.16036711E-02
   5.90174869E-02   1.16505791E-02
   5.91081865E-02   1.16947871E-02
   5.91980070E-02   1.17370142E-02
   5.92870899E-02   1.17767518E-02
   5.93754165E-02   1.18136508E-02
   5.94627298E-02   1.18485419E-02
   5.95490485E-02   1.18805226E-02
   5.96344732E-02   1.19110569E-02
   5.97196892E-02   1.19391764E-02
   5.98042011E-02   1.19652376E-02
   5.98882362E-02   1.19895944E-02
   5.99719658E-02   1.20126996E-02
   6.00555688E-02   1.20339254E-02
   6.01386726E-02   1.20525258E-02
   6.02212101E-02   1.20703261E-02
   6.03029616E-02   1.20855095E-02
   6.03844933E-02   1.20986113E-02
   6.04652651E-02   1.21101048E-02
   6.05455413E-02   1.21195503E-02
   6.06259145E-02   1.21278614E-02
   6.07057586E-02   1.21343955E-02
   6.07851669E-02   1.21391350E-02
   6.08644746E-02   1.21425055E-02
   6.09437153E-02   1.21437609E-02
   6.10232837E-02   1.21437497E-02
   6.11025542E-02   1.21423276E-02
   6.11822195E-02   1.21395821E-02
   6.12617582E-02   1.21357422E-02
   6.13414422E-02   1.21304346E-02
   6.14211112E-02   1.21237226E-02
   6.15008809E-02   1.21161565E-02
   6.15803823E-02   1.21072493E-02
   6.16600513E-02   1.20971389E-02
   6.17400035E-02   1.20864753E-02
   6.18199594E-02   1.20752063E-02
   6.18199594E-02   1.20752063E-02
   6.18199594E-02   1.20752063E-02
   6.18199594E-02   1.20752063E-02
   6.18199594E-02   1.20752063E-02
   6.18199594E-02   1.20752063E-02
   6.18199594E-02   1.20752063E-02
   6.18199594E-02   1.20752063E-02
   6.18199594E-02   1.20752063E-02
   6.18199594E-02   1.20752063E-02
   6.18199594E-02   1.20752063E-02
   6.18199594E-02   1.20752063E-02
   6.20977357E-02   1.20752063E-02
   6.23755120E-02   1.20752063E-02
   6.26532808E-02   1.20752063E-02
   6.29310682E-02   1.20752063E-02
   6.32088780E-02   1.20752007E-02
   6.34866580E-02   1.20752007E-02
   6.37644157E-02   1.20752063E-02
   6.40421957E-02   1.20752063E-02
   6.43199906E-02   1.20752007E-02
   6.45977333E-02   1.20752063E-02
   6.48755133E-02   1.20752063E-02
   6.51533008E-02   1.20752063E-02
   6.54310659E-02   1.20752063E-02
   6.57088608E-02   1.20752063E-02
   6.59866557E-02   1.20752007E-02
   6.62644356E-02   1.20752007E-02
   6.65422082E-02   1.20752007E-02
   6.68199882E-02   1.20752007E-02
   6.70977458E-02   1.20752063E-02
   6.73755258E-02   1.20752063E-02
   6.76532909E-02   1.20752063E-02
   6.79310709E-02   1.20752063E-02
   6.82088435E-02   1.20752063E-02
   6.84866384E-02   1.20752063E-02
   6.87644333E-02   1.20752007E-02
   6.90422133E-02   1.20752007E-02
   6.93199858E-02   1.20752007E-02
   6.95977509E-02   1.20752063E-02
   6.98755458E-02   1.20752007E-02
   7.01533332E-02   1.20752007E-02
   7.04310983E-02   1.20752007E-02
   7.07088783E-02   1.20752007E-02
   7.09866509E-02   1.20752007E-02
   7.12644309E-02   1.20751979E-02
   7.15421960E-02   1.20752072E-02
   7.18199611E-02   1.20752063E-02
   7.20977560E-02   1.20752072E-02
   7.23755285E-02   1.20752072E-02
   7.26532936E-02   1.20752063E-02
   7.29310662E-02   1.20752063E-02
   7.32088611E-02   1.20752072E-02
   7.34866410E-02   1.20752072E-02
   7.37644210E-02   1.20752072E-02
   7.40422010E-02   1.20752072E-02
   7.43199810E-02   1.20751979E-02
   7.45977610E-02   1.20751979E-02
   7.48755410E-02   1.20751979E-02
   7.51533136E-02   1.20751979E-02
   7.54310861E-02   1.20752072E-02
   7.57088661E-02   1.20752072E-02
   7.59866387E-02   1.20752072E-02
   7.62642696E-02   1.20754521E-02
   7.65415505E-02   1.20763257E-02
   7.68184289E-02   1.20780421E-02
   7.70949125E-02   1.20804673E-02
   7.73707479E-02   1.20839719E-02
   7.76460543E-02   1.20885363E-02
   7.79205412E-02   1.20944660E-02
   7.81939253E-02   1.21020945E-02
   7.84660652E-02   1.21122273E-02
   7.87371174E-02   1.21240392E-02
   7.90068284E-02   1.21380202E-02
   7.92753324E-02   1.21540632E-02
   7.95425698E-02   1.21722296E-02
   7.98080564E-02   1.21933166E-02
   8.00719187E-02   1.22171463E-02
   8.03340673E-02   1.22436807E-02
   8.05946067E-02   1.22728338E-02
   8.08534175E-02   1.23046963E-02
   8.11100826E-02   1.23398658E-02
   8.13642368E-02   1.23787532E-02
   8.16163868E-02   1.24206077E-02
   8.18662271E-02   1.24658486E-02
   8.21137205E-02   1.25143938E-02
   8.23589191E-02   1.25660505E-02
   8.26016888E-02   1.26209883E-02
   8.28423724E-02   1.26788206E-02
   8.30805823E-02   1.27398344E-02
   8.33161026E-02   1.28041673E-02
   8.35491493E-02   1.28716808E-02
   8.37795287E-02   1.29422778E-02
   8.40069130E-02   1.30162416E-02
   8.42318609E-02   1.30931418E-02
   8.44540223E-02   1.31728388E-02
   8.46732780E-02   1.32556269E-02
   8.48899558E-02   1.33409640E-02
   8.51041824E-02   1.34286629E-02
   8.53156373E-02   1.35190105E-02
   8.55248794E-02   1.36115393E-02
   8.57310966E-02   1.37066310E-02
   8.59343037E-02   1.38040204E-02
   8.61340612E-02   1.39040090E-02
   8.63302127E-02   1.40065998E-02
   8.65236446E-02   1.41109973E-02
   8.67142081E-02   1.42172175E-02
   8.69013667E-02   1.43255023E-02
   8.70852694E-02   1.44356843E-02
   8.72655287E-02   1.45474235E-02
   8.74424726E-02   1.46605447E-02
   8.76159817E-02   1.47750629E-02
   8.77858698E-02   1.48909725E-02
   8.79522860E-02   1.50076514E-02
   8.81155282E-02   1.51254730E-02
   8.82757679E-02   1.52435368E-02
   8.84327367E-02   1.53622059E-02
   8.85872841E-02   1.54808983E-02
   8.87386799E-02   1.55994901E-02
   8.88866931E-02   1.57176405E-02
   8.90322179E-02   1.58358999E-02
   8.91747624E-02   1.59534998E-02
   8.93142223E-02   1.60702653E-02
   8.94510299E-02   1.61858574E-02
   8.95853192E-02   1.63004566E-02
   8.97168443E-02   1.64134372E-02
   8.98463875E-02   1.65249407E-02
   8.99737924E-02   1.66350845E-02
   9.00987983E-02   1.67439189E-02
   9.02216882E-02   1.68511309E-02
   9.03417021E-02   1.69563312E-02
   9.04598683E-02   1.70598738E-02
   9.05761048E-02   1.71614364E-02
   9.06897709E-02   1.72607452E-02
   9.08014774E-02   1.73575580E-02
   9.09115523E-02   1.74524691E-02
   9.10198316E-02   1.75452866E-02
   9.11267698E-02   1.76357441E-02
   9.12323222E-02   1.77243184E-02
   9.13360938E-02   1.78101733E-02
   9.14382413E-02   1.78934317E-02
   9.15389135E-02   1.79740675E-02
   9.16383788E-02   1.80524271E-02
   9.17367414E-02   1.81282144E-02
   9.18340832E-02   1.82021819E-02
   9.19302553E-02   1.82738863E-02
   9.20251608E-02   1.83432773E-02
   9.21186730E-02   1.84102654E-02
   9.22108293E-02   1.84747595E-02
   9.23022106E-02   1.85366813E-02
   9.23926905E-02   1.85963325E-02
   9.24823955E-02   1.86535511E-02
   9.25714970E-02   1.87079515E-02
   9.26594660E-02   1.87593326E-02
   9.27464515E-02   1.88083332E-02
   9.28328633E-02   1.88551452E-02
   9.29186791E-02   1.88995823E-02
   9.30041671E-02   1.89416800E-02
   9.30891335E-02   1.89818051E-02
   9.31735337E-02   1.90201178E-02
   9.32583436E-02   1.90563705E-02
   9.33421999E-02   1.90901868E-02
   9.34258848E-02   1.91218723E-02
   9.35086459E-02   1.91510580E-02
   9.35909897E-02   1.91777758E-02
   9.36730728E-02   1.92024074E-02
   9.37544256E-02   1.92247629E-02
   9.38356668E-02   1.92457289E-02
   9.39168185E-02   1.92642547E-02
   9.39973295E-02   1.92808136E-02
   9.40777436E-02   1.92951877E-02
   9.41586047E-02   1.93073973E-02
   9.42391306E-02   1.93176027E-02
   9.43198055E-02   1.93260275E-02
   9.44007710E-02   1.93328187E-02
   9.44815800E-02   1.93379819E-02
   9.45625678E-02   1.93409752E-02
   9.46437865E-02   1.93422288E-02
   9.47250873E-02   1.93422064E-02
   9.48060676E-02   1.93400420E-02
   9.48870853E-02   1.93365440E-02
   9.49686617E-02   1.93316862E-02
   9.50501710E-02   1.93256382E-02
   9.51313674E-02   1.93182267E-02
   9.52129737E-02   1.93091612E-02
   9.52942818E-02   1.92987267E-02
   9.53753069E-02   1.92867052E-02
   9.54571888E-02   1.92729719E-02
   9.55394581E-02   1.92582477E-02
   9.56217870E-02   1.92422215E-02
   9.57043916E-02   1.92249678E-02
   9.57872123E-02   1.92068052E-02
   9.58702341E-02   1.91875026E-02
   9.59540233E-02   1.91669296E-02
   9.60378125E-02   1.91450696E-02
   9.61220637E-02   1.91221070E-02
   9.62063521E-02   1.90985035E-02
   9.62905064E-02   1.90737043E-02
   9.63748246E-02   1.90478545E-02
   9.64594260E-02   1.90213621E-02
   9.65445116E-02   1.89940799E-02
   9.66301039E-02   1.89662352E-02
   9.67160910E-02   1.89378764E-02
   9.68026370E-02   1.89094413E-02
   9.68899056E-02   1.88806169E-02
   9.69773605E-02   1.88511480E-02
   9.70654190E-02   1.88213810E-02
   9.71537977E-02   1.87916756E-02
   9.72423330E-02   1.87617261E-02
   9.73313674E-02   1.87317450E-02
   9.74202827E-02   1.87017210E-02
   9.75100398E-02   1.86720472E-02
   9.76003334E-02   1.86419580E-02
   9.76902023E-02   1.86117254E-02
   9.77809206E-02   1.85816567E-02
   9.78718773E-02   1.85513701E-02
   9.79629233E-02   1.85216963E-02
   9.80542302E-02   1.84922237E-02
   9.81457680E-02   1.84630454E-02
   9.82370824E-02   1.84342898E-02
   9.83292833E-02   1.84055474E-02
   9.84218866E-02   1.83771905E-02
   9.85145196E-02   1.83490422E-02
   9.86076370E-02   1.83215644E-02
   9.87006202E-02   1.82943493E-02
   9.87941176E-02   1.82679426E-02
   9.88879427E-02   1.82420779E-02
   9.89816263E-02   1.82171948E-02
   9.90761071E-02   1.81928743E-02
   9.91703123E-02   1.81694385E-02
   9.92646590E-02   1.81466211E-02
   9.93588865E-02   1.81247890E-02
   9.94534120E-02   1.81039106E-02
   9.95484516E-02   1.80841219E-02
   9.96434093E-02   1.80653743E-02
   9.97387841E-02   1.80476923E-02
   9.98342037E-02   1.80309191E-02
   9.99297574E-02   1.80157106E-02
  0.100024983       1.80016197E-02
  0.100120842       1.79888848E-02
  0.100216515       1.79773103E-02
  0.100312397       1.79670751E-02
  0.100408688       1.79579388E-02
  0.100505196       1.79502796E-02
  0.100602128       1.79439876E-02
  0.100699045       1.79389510E-02
  0.100796029       1.79352183E-02
  0.100893430       1.79328341E-02
  0.100990720       1.79315247E-02
  0.101088315       1.79316308E-02
  0.101185620       1.79329440E-02
  0.101283900       1.79357193E-02
  0.101381816       1.79399624E-02
  0.101479515       1.79455504E-02
  0.101577364       1.79523621E-02
  0.101675458       1.79604050E-02
  0.101773269       1.79697033E-02
  0.101871304       1.79802664E-02
  0.101969428       1.79919954E-02
  0.102067217       1.80048384E-02
  0.102165505       1.80190578E-02
  0.102263458       1.80344824E-02
  0.102361582       1.80509072E-02
  0.102459311       1.80685315E-02
  0.102557257       1.80872604E-02
  0.102654390       1.81074478E-02
  0.102751739       1.81288999E-02
  0.102849029       1.81513783E-02
  0.102946185       1.81748830E-02
  0.103043087       1.81998033E-02
  0.103139497       1.82253607E-02
  0.103236035       1.82522461E-02
  0.103332616       1.82801392E-02
  0.103428945       1.83090959E-02
  0.103525110       1.83389056E-02
  0.103620388       1.83697715E-02
  0.103716269       1.84015110E-02
  0.103811368       1.84344947E-02
  0.103905872       1.84682980E-02
  0.103999637       1.85030606E-02
  0.104093060       1.85387395E-02
  0.104185984       1.85754355E-02
  0.104278341       1.86131988E-02
  0.104370855       1.86519530E-02
  0.104462646       1.86915956E-02
  0.104554012       1.87325012E-02
  0.104645021       1.87738072E-02
  0.104735456       1.88160744E-02
  0.104825981       1.88591052E-02
  0.104915723       1.89031493E-02
  0.105004855       1.89479049E-02
  0.105093926       1.89934429E-02
  0.105182365       1.90394763E-02
  0.105269946       1.90862268E-02
  0.105357431       1.91335976E-02
  0.105444685       1.91817023E-02
  0.105530873       1.92302447E-02
  0.105617218       1.92796458E-02
  0.105702624       1.93295591E-02
  0.105787866       1.93800349E-02
  0.105871692       1.94309093E-02
  0.105955966       1.94824077E-02
  0.106039301       1.95341781E-02
  0.106121987       1.95865501E-02
  0.106204286       1.96391363E-02
  0.106286302       1.96923409E-02
  0.106367521       1.97456945E-02
  0.106447943       1.97995007E-02
  0.106527887       1.98535677E-02
  0.106607124       1.99079309E-02
  0.106685869       1.99624747E-02
  0.106764093       2.00173520E-02
  0.106841408       2.00725570E-02
  0.106918462       2.01281216E-02
  0.106994927       2.01837625E-02
  0.107070796       2.02396903E-02
  0.107145540       2.02956460E-02
  0.107220069       2.03519464E-02
  0.107294105       2.04083230E-02
  0.107367478       2.04648841E-02
  0.107440017       2.05216575E-02
  0.107512459       2.05786061E-02
  0.107584000       2.06353758E-02
  0.107654572       2.06920654E-02
  0.107724749       2.07488034E-02
  0.107793815       2.08057128E-02
  0.107863225       2.08625942E-02
  0.107931159       2.09197346E-02
  0.107998580       2.09767614E-02
  0.108065061       2.10337359E-02
  0.108131707       2.10907087E-02
  0.108197041       2.11476851E-02
  0.108262330       2.12043319E-02
  0.108326472       2.12612972E-02
  0.108390361       2.13180762E-02
  0.108453467       2.13748459E-02
  0.108516008       2.14315429E-02
  0.108578265       2.14881431E-02
  0.108639739       2.15444975E-02
  0.108700469       2.16009337E-02
  0.108760417       2.16570776E-02
  0.108820036       2.17131972E-02
  0.108878978       2.17692833E-02
  0.108937114       2.18252558E-02
  0.108994588       2.18807310E-02
  0.109050833       2.19365042E-02
  0.109106764       2.19919961E-02
  0.109162055       2.20472608E-02
  0.109216876       2.21026912E-02
  0.109270699       2.21579466E-02
  0.109324120       2.22128406E-02
  0.109376855       2.22682189E-02
  0.109429248       2.23232564E-02
  0.109480813       2.23779697E-02
  0.109531641       2.24329736E-02
  0.109581590       2.24876255E-02
  0.109631501       2.25420147E-02
  0.109680563       2.25967076E-02
  0.109729066       2.26511527E-02
  0.109776579       2.27052215E-02
  0.109823778       2.27593500E-02
  0.109870717       2.28131730E-02
  0.109916493       2.28666607E-02
  0.109961808       2.29203682E-02
  0.110006705       2.29738671E-02
  0.110050872       2.30272189E-02
  0.110094622       2.30807476E-02
  0.110138059       2.31341459E-02
  0.110181108       2.31873337E-02
  0.110222965       2.32406929E-02
  0.110264577       2.32938249E-02
  0.110305913       2.33467203E-02
  0.110346563       2.33998466E-02
  0.110386364       2.34526340E-02
  0.110426009       2.35052090E-02
  0.110464901       2.35580336E-02
  0.110503159       2.36105770E-02
  0.110541686       2.36629471E-02
  0.110578738       2.37156041E-02
  0.110615261       2.37677731E-02
  0.110651851       2.38194559E-02
  0.110687442       2.38716695E-02
  0.110722639       2.39235256E-02
  0.110757470       2.39750221E-02
  0.110791288       2.40266826E-02
  0.110824719       2.40780134E-02
  0.110858165       2.41288785E-02
  0.110890456       2.41804086E-02
  0.110922433       2.42313389E-02
  0.110953785       2.42818687E-02
  0.110984199       2.43326966E-02
  0.111014910       2.43833475E-02
  0.111045308       2.44336259E-02
  0.111073941       2.44841445E-02
  0.111102991       2.45343447E-02
  0.111131489       2.45841797E-02
  0.111158922       2.46342979E-02
  0.111186020       2.46841349E-02
  0.111212969       2.47335397E-02
  0.111239016       2.47834064E-02
  0.111264497       2.48325709E-02
  0.111289650       2.48811059E-02
  0.111314110       2.49302294E-02
  0.111338250       2.49788649E-02
  0.111362010       2.50269715E-02
  0.111384958       2.50756014E-02
  0.111407556       2.51238532E-02
  0.111429840       2.51716189E-02
  0.111451611       2.52196547E-02
  0.111473024       2.52672099E-02
  0.111494422       2.53143720E-02
  0.111515045       2.53617894E-02
  0.111535482       2.54087821E-02
  0.111555569       2.54553091E-02
  0.111574925       2.55020540E-02
  0.111594133       2.55482923E-02
  0.111613445       2.55938917E-02
  0.111631431       2.56400425E-02
  0.111649320       2.56856475E-02
  0.111667313       2.57309675E-02
  0.111683920       2.57764384E-02
  0.111683920       2.57764384E-02
  0.111683920       2.57764384E-02
  0.111683920       2.57764384E-02
  0.111683920       2.57764384E-02
  0.111683920       2.57764384E-02
  0.111683920       2.57764384E-02
  0.111683920       2.57764384E-02
  0.111683920       2.57764384E-02
  0.111683920       2.57764384E-02
  0.111683920       2.57764384E-02
  0.111683920       2.57764384E-02
  0.111683920       2.57764384E-02
  0.111683920       2.57764384E-02
  0.111683920       2.57764384E-02
  0.111683920       2.57764384E-02
  0.111683920       2.57764384E-02
  0.111683920       2.57764384E-02
  0.111683920       2.57764384E-02
  0.111683920       2.57764384E-02
  0.111683920       2.57764384E-02
  0.111683920       2.57764384E-02
  0.111683920       2.57764384E-02
  0.111683920       2.57764384E-02
  0.111683920       2.57764384E-02
  0.111683920       2.57764384E-02
  0.111683920       2.57764384E-02
  0.111683920       2.57764384E-02
  0.111683920       2.57764384E-02
  0.111683920       2.57764384E-02
  0.111683920       2.57764384E-02
  0.111683920       2.57764384E-02
  0.111961693       2.57764384E-02
  0.112239458       2.57764384E-02
  0.112517238       2.57764384E-02
  0.112795010       2.57764384E-02
  0.113072783       2.57764366E-02
  0.113350570       2.57764384E-02
  0.113628335       2.57764366E-02
  0.113906123       2.57764384E-02
  0.114183903       2.57764384E-02
  0.114461698       2.57764384E-02
  0.114739470       2.57764384E-02
  0.115017235       2.57764384E-02
  0.115295030       2.57764384E-02
  0.115572825       2.57764366E-02
  0.115850613       2.57764440E-02
  0.116128363       2.57764384E-02
  0.116406158       2.57764366E-02
  0.116683938       2.57764366E-02
  0.116961718       2.57764440E-02
  0.117239498       2.57764440E-02
  0.117517278       2.57764440E-02
  0.117795043       2.57764366E-02
  0.118072808       2.57764384E-02
  0.118350588       2.57764384E-02
  0.118628338       2.57764366E-02
  0.118906081       2.57764384E-02
  0.119183861       2.57764384E-02
  0.119461671       2.57764366E-02
  0.119739451       2.57764366E-02
  0.120017253       2.57764384E-02
  0.120295003       2.57764366E-02
  0.120572805       2.57764384E-02
  0.120850608       2.57764421E-02
  0.121128388       2.57764421E-02
  0.121406168       2.57764421E-02
  0.121683970       2.57764533E-02
  0.121961698       2.57764384E-02
  0.122239411       2.57764384E-02
  0.122517139       2.57764496E-02
  0.122794919       2.57764496E-02
  0.123072699       2.57764496E-02
  0.123350501       2.57764477E-02
  0.123628303       2.57764384E-02
  0.123906054       2.57764477E-02
  0.124183834       2.57764477E-02
  0.124461636       2.57764384E-02
  0.124739476       2.57764384E-02
  0.125017256       2.57764421E-02
  0.125295028       2.57764421E-02
  0.125572830       2.57764421E-02
  0.125850603       2.57764440E-02
  0.126128256       2.57767439E-02
  0.126405582       2.57777553E-02
  0.126682445       2.57796291E-02
  0.126958922       2.57823020E-02
  0.127234757       2.57863104E-02
  0.127510086       2.57913768E-02
  0.127784565       2.57980637E-02
  0.128057942       2.58068182E-02
  0.128330082       2.58179642E-02
  0.128601104       2.58312635E-02
  0.128870830       2.58469116E-02
  0.129139304       2.58648582E-02
  0.129406556       2.58849841E-02
  0.129672006       2.59081926E-02
  0.129935890       2.59341691E-02
  0.130198032       2.59628277E-02
  0.130458549       2.59941407E-02
  0.130717352       2.60281935E-02
  0.130974010       2.60653868E-02
  0.131228134       2.61062160E-02
  0.131480336       2.61498205E-02
  0.131730169       2.61966623E-02
  0.131977692       2.62466334E-02
  0.132222831       2.62995288E-02
  0.132465646       2.63554845E-02
  0.132706314       2.64140144E-02
  0.132944494       2.64753941E-02
  0.133180022       2.65399311E-02
  0.133413091       2.66071297E-02
  0.133643448       2.66772378E-02
  0.133870855       2.67504565E-02
  0.134095833       2.68261414E-02
  0.134317994       2.69044228E-02
  0.134537250       2.69855279E-02
  0.134753942       2.70688254E-02
  0.134968147       2.71543637E-02
  0.135179594       2.72422116E-02
  0.135388806       2.73318850E-02
  0.135595053       2.74239630E-02
  0.135798275       2.75181904E-02
  0.135998026       2.76149493E-02
  0.136194170       2.77138632E-02
  0.136387587       2.78147105E-02
  0.136578172       2.79172193E-02
  0.136765301       2.80216560E-02
  0.136949226       2.81278118E-02
  0.137129501       2.82357559E-02
  0.137306422       2.83451602E-02
  0.137479916       2.84558833E-02
  0.137649804       2.85679549E-02
  0.137816221       2.86811385E-02
  0.137979493       2.87953336E-02
  0.138139755       2.89100334E-02
  0.138296783       2.90252883E-02
  0.138451561       2.91404426E-02
  0.138603061       2.92558838E-02
  0.138751328       2.93708425E-02
  0.138897195       2.94857118E-02
  0.139040083       2.96001155E-02
  0.139180005       2.97137797E-02
  0.139317498       2.98261549E-02
  0.139452472       2.99373642E-02
  0.139584973       3.00470758E-02
  0.139715493       3.01552638E-02
  0.139844060       3.02616563E-02
  0.139970392       3.03666648E-02
  0.140094772       3.04700211E-02
  0.140216500       3.05713527E-02
  0.140216500       3.05713527E-02
  0.140216500       3.05713527E-02
  0.140216500       3.05713527E-02
  0.140216500       3.05713527E-02
  0.140216500       3.05713527E-02
  0.140216500       3.05713527E-02
  0.140216500       3.05713527E-02
  0.140216500       3.05713527E-02
  0.140216500       3.05713527E-02
  0.140216500       3.05713527E-02
  0.140216500       3.05713527E-02
  0.140216500       3.05713527E-02
  0.140216500       3.05713527E-02
  0.140216500       3.05713527E-02
  0.140494272       3.05713527E-02
  0.140772089       3.05713490E-02
  0.141049862       3.05713490E-02
  0.141327634       3.05713490E-02
  0.141605422       3.05713490E-02
  0.141883165       3.05713527E-02
  0.142160937       3.05713527E-02
  0.142438725       3.05713490E-02
  0.142716512       3.05713490E-02
  0.142994300       3.05713490E-02
  0.143272072       3.05713490E-02
  0.143549889       3.05713546E-02
  0.143827662       3.05713546E-02
  0.144105449       3.05713546E-02
  0.144383222       3.05713546E-02
  0.144661039       3.05713415E-02
  0.144938812       3.05713415E-02
  0.145216584       3.05713415E-02
  0.145494372       3.05713415E-02
  0.145772144       3.05713415E-02
  0.146049947       3.05713415E-02
  0.146327704       3.05713415E-02
  0.146605477       3.05713415E-02
  0.146883249       3.05713415E-02
  0.147161007       3.05713546E-02
  0.147438809       3.05713415E-02
  0.147716597       3.05713415E-02
  0.147994339       3.05713546E-02
  0.148272112       3.05713546E-02
  0.148549929       3.05713415E-02
  0.148827702       3.05713415E-02
  0.149105474       3.05713415E-02
  0.149383172       3.05713490E-02
  0.149660945       3.05713490E-02
  0.149938747       3.05713490E-02
  0.150216520       3.05713490E-02
  0.150494337       3.05713546E-02
  0.150772080       3.05713490E-02
  0.151049852       3.05713490E-02
  0.151327640       3.05713490E-02
  0.151605412       3.05713490E-02
  0.151883185       3.05713490E-02
  0.152160972       3.05713490E-02
  0.152438745       3.05713490E-02
  0.152716473       3.05713546E-02
  0.152994290       3.05713490E-02
  0.153272063       3.05713490E-02
  0.153549805       3.05713546E-02
  0.153827578       3.05713546E-02
  0.154105365       3.05713546E-02
  0.154383168       3.05713490E-02
  0.154660791       3.05716489E-02
  0.154938117       3.05726491E-02
  0.155214980       3.05745546E-02
  0.155491382       3.05772331E-02
  0.155767247       3.05812769E-02
  0.156042531       3.05864830E-02
  0.156316996       3.05933394E-02
  0.156590387       3.06023024E-02
  0.156862527       3.06137502E-02
  0.157133579       3.06274593E-02
  0.157403305       3.06435954E-02
  0.157671824       3.06620505E-02
  0.157939062       3.06828115E-02
  0.158204556       3.07068378E-02
  0.158468395       3.07336915E-02
  0.158730581       3.07635088E-02
  0.158991143       3.07959374E-02
  0.159249976       3.08311675E-02
  0.159506619       3.08698341E-02
  0.159760743       3.09123173E-02
  0.160012931       3.09576895E-02
  0.160262764       3.10063343E-02
  0.160510272       3.10582928E-02
  0.160755441       3.11133768E-02
  0.160998240       3.11714578E-02
  0.161238909       3.12323477E-02
  0.161477134       3.12962495E-02
  0.161712661       3.13633047E-02
  0.161945701       3.14331837E-02
  0.162176087       3.15060019E-02
  0.162403479       3.15819904E-02
  0.162628412       3.16604860E-02
  0.162850574       3.17417793E-02
  0.163069859       3.18257771E-02
  0.163286552       3.19121294E-02
  0.163500756       3.20007056E-02
  0.163712189       3.20915468E-02
  0.163921431       3.21842395E-02
  0.164127633       3.22792344E-02
  0.164330840       3.23765539E-02
  0.164530590       3.24761830E-02
  0.164726749       3.25780250E-02
  0.164920166       3.26817036E-02
  0.165110752       3.27869952E-02
  0.165297881       3.28941420E-02
  0.165481776       3.30028869E-02
  0.165662035       3.31133120E-02
  0.165839002       3.32251266E-02
  0.166012526       3.33381966E-02
  0.166182443       3.34524885E-02
  0.166348830       3.35676484E-02
  0.166512117       3.36837173E-02
  0.166672334       3.38003188E-02
  0.166829273       3.39173116E-02
  0.166983828       3.40341851E-02
  0.167135298       3.41511369E-02
  0.167283326       3.42677087E-02
  0.167428896       3.43840532E-02
  0.167571530       3.44998948E-02
  0.167711079       3.46148200E-02
  0.167848051       3.47286686E-02
  0.167982444       3.48412432E-02
  0.168114051       3.49522382E-02
  0.168243781       3.50618809E-02
  0.168371394       3.51697318E-02
  0.168496549       3.52761112E-02
  0.168619633       3.53807881E-02
  0.168739900       3.54834348E-02
  0.168858215       3.55841704E-02
  0.168974757       3.56828049E-02
  0.169088751       3.57792228E-02
  0.169200763       3.58730741E-02
  0.169311166       3.59645635E-02
  0.169419825       3.60542126E-02
  0.169527084       3.61408927E-02
  0.169633284       3.62257510E-02
  0.169737682       3.63077000E-02
  0.169840276       3.63869406E-02
  0.169941440       3.64634395E-02
  0.170041680       3.65373157E-02
  0.170140773       3.66085097E-02
  0.170238689       3.66777591E-02
  0.170335501       3.67447026E-02
  0.170431152       3.68091278E-02
  0.170525700       3.68709452E-02
  0.170618832       3.69301029E-02
  0.170710921       3.69867794E-02
  0.170802221       3.70408893E-02
  0.170893058       3.70925069E-02
  0.170983091       3.71410064E-02
  0.171072349       3.71867493E-02
  0.171160311       3.72296199E-02
  0.171247721       3.72704826E-02
  0.171334922       3.73085178E-02
  0.171421811       3.73442657E-02
  0.171508074       3.73777263E-02
  0.171593651       3.74093838E-02
  0.171679676       3.74388434E-02
  0.171765372       3.74655053E-02
  0.171850443       3.74900810E-02
  0.171934426       3.75121087E-02
  0.172018394       3.75315212E-02
  0.172101811       3.75487506E-02
  0.172185183       3.75636183E-02
  0.172268748       3.75768617E-02
  0.172350839       3.75878029E-02
  0.172433004       3.75964455E-02
  0.172515631       3.76032069E-02
  0.172598198       3.76074873E-02
  0.172680795       3.76100652E-02
  0.172762766       3.76106314E-02
  0.172845796       3.76095846E-02
  0.172929406       3.76069359E-02
  0.173012495       3.76022719E-02
  0.173095226       3.75959128E-02
  0.173178285       3.75882015E-02
  0.173262089       3.75787541E-02
  0.173345610       3.75677831E-02
  0.173429087       3.75557132E-02
  0.173512578       3.75426151E-02
  0.173596323       3.75282541E-02
  0.173680753       3.75127122E-02
  0.173764095       3.74958403E-02
  0.173847482       3.74775678E-02
  0.173931584       3.74580696E-02
  0.174016565       3.74375694E-02
  0.174102142       3.74163128E-02
  0.174186513       3.73939462E-02
  0.174271867       3.73707451E-02
  0.174357831       3.73467281E-02
  0.174444735       3.73217501E-02
  0.174531430       3.72954719E-02
  0.174617991       3.72686051E-02
  0.174704522       3.72412652E-02
  0.174792424       3.72132026E-02
  0.174879417       3.71842347E-02
  0.174967036       3.71549018E-02
  0.175054818       3.71250734E-02
  0.175143138       3.70949656E-02
  0.175232410       3.70646082E-02
  0.175322652       3.70344929E-02
  0.175412178       3.70041728E-02
  0.175502852       3.69736329E-02
  0.175593719       3.69430445E-02
  0.175685957       3.69127393E-02
  0.175777301       3.68825048E-02
  0.175869286       3.68525349E-02
  0.175961748       3.68227735E-02
  0.176055089       3.67935374E-02
  0.176148191       3.67642008E-02
  0.176241562       3.67351025E-02
  0.176335156       3.67063135E-02
  0.176429018       3.66777480E-02
  0.176523998       3.66499908E-02
  0.176618487       3.66226956E-02
  0.176713437       3.65957804E-02
  0.176807672       3.65696214E-02
  0.176903173       3.65437567E-02
  0.176999778       3.65183093E-02
  0.177095652       3.64932790E-02
  0.177192301       3.64691392E-02
  0.177288502       3.64456363E-02
  0.177385375       3.64228748E-02
  0.177482709       3.64008471E-02
  0.177580819       3.63798030E-02
  0.177677855       3.63595709E-02
  0.177775130       3.63403261E-02
  0.177873075       3.63218263E-02
  0.177971631       3.63046080E-02
  0.178070039       3.62881497E-02
  0.178168222       3.62729356E-02
  0.178266197       3.62587571E-02
  0.178365022       3.62457857E-02
  0.178464204       3.62336002E-02
  0.178563446       3.62231396E-02
  0.178662285       3.62137407E-02
  0.178761795       3.62057909E-02
  0.178860664       3.61989625E-02
  0.178960234       3.61934416E-02
  0.179060385       3.61889377E-02
  0.179160729       3.61860134E-02
  0.179260507       3.61844115E-02
  0.179361403       3.61839943E-02
  0.179462537       3.61848436E-02
  0.179564089       3.61870676E-02
  0.179664880       3.61901931E-02
  0.179765299       3.61947194E-02
  0.179866210       3.62004228E-02
  0.179968581       3.62075604E-02
  0.180070341       3.62161770E-02
  0.180171818       3.62260081E-02
  0.180273384       3.62370014E-02
  0.180374637       3.62491719E-02
  0.180476665       3.62625159E-02
  0.180578560       3.62771116E-02
  0.180680275       3.62926796E-02
  0.180781856       3.63093615E-02
  0.180883840       3.63272354E-02
  0.180986270       3.63462530E-02
  0.181087643       3.63663360E-02
  0.181188717       3.63873467E-02
  0.181290627       3.64093967E-02
  0.181391776       3.64328176E-02
  0.181493238       3.64574045E-02
  0.181594193       3.64830196E-02
  0.181695476       3.65094393E-02
  0.181795537       3.65372375E-02
  0.181895852       3.65655944E-02
  0.181996286       3.65950316E-02
  0.182096958       3.66254896E-02
  0.182196990       3.66568752E-02
  0.182297483       3.66889574E-02
  0.182397261       3.67220566E-02
  0.182495907       3.67558971E-02
  0.182594806       3.67908403E-02
  0.182693109       3.68265547E-02
  0.182791412       3.68631147E-02
  0.182888165       3.69004570E-02
  0.182985097       3.69387940E-02
  0.183081627       3.69781181E-02
  0.183177695       3.70182879E-02
  0.183272958       3.70592885E-02
  0.183368385       3.71014513E-02
  0.183463663       3.71440053E-02
  0.183557421       3.71873789E-02
  0.183557421       3.71873789E-02
  0.183557421       3.71873789E-02
  0.183557421       3.71873789E-02
  0.183557421       3.71873789E-02
  0.183557421       3.71873789E-02
  0.183557421       3.71873789E-02
  0.183557421       3.71873789E-02
  0.183557421       3.71873789E-02
  0.183557421       3.71873789E-02
  0.183557421       3.71873789E-02
  0.183557421       3.71873789E-02
  0.183557421       3.71873789E-02
  0.183557421       3.71873789E-02
  0.183557421       3.71873789E-02
  0.183557421       3.71873789E-02
  0.183557421       3.71873789E-02
  0.183835164       3.71873826E-02
  0.184112936       3.71873826E-02
  0.184390724       3.71873826E-02
  0.184668496       3.71873826E-02
  0.184946269       3.71873826E-02
  0.185224056       3.71873826E-02
  0.185501859       3.71873789E-02
  0.185779646       3.71873789E-02
  0.186057419       3.71873789E-02
  0.186335191       3.71873789E-02
  0.186613008       3.71873826E-02
  0.186890751       3.71873789E-02
  0.187168524       3.71873789E-02
  0.187446311       3.71873789E-02
  0.187724054       3.71873826E-02
  0.188001826       3.71873826E-02
  0.188279599       3.71873826E-02
  0.188557386       3.71873826E-02
  0.188835144       3.71873826E-02
  0.189112931       3.71873826E-02
  0.189390719       3.71873826E-02
  0.189668477       3.71873826E-02
  0.189946279       3.71873826E-02
  0.190224051       3.71873826E-02
  0.190501824       3.71873826E-02
  0.190779611       3.71873826E-02
  0.191057384       3.71873826E-02
  0.191335201       3.71873789E-02
  0.191612974       3.71873789E-02
  0.191890791       3.71873826E-02
  0.192168564       3.71873826E-02
  0.192446336       3.71873826E-02
  0.192724124       3.71873826E-02
  0.193001896       3.71873826E-02
  0.193279639       3.71873789E-02
  0.193557411       3.71873789E-02
  0.193835199       3.71873789E-02
  0.194112971       3.71873789E-02
  0.194390744       3.71873789E-02
  0.194668502       3.71873826E-02
  0.194946274       3.71873826E-02
  0.195224047       3.71873826E-02
  0.195501834       3.71873826E-02
  0.195779637       3.71873789E-02
  0.196057379       3.71873826E-02
  0.196335167       3.71873826E-02
  0.196612939       3.71873826E-02
  0.196890697       3.71873826E-02
  0.197168484       3.71873826E-02
  0.197446272       3.71873826E-02
  0.197724044       3.71873826E-02
  0.198001698       3.71876955E-02
  0.198279023       3.71887572E-02
  0.198555902       3.71907167E-02
  0.198832408       3.71936001E-02
  0.199108228       3.71978395E-02
  0.199383557       3.72031704E-02
  0.199658006       3.72103155E-02
  0.199931383       3.72197218E-02
  0.200203553       3.72315496E-02
  0.200474575       3.72456871E-02
  0.200744301       3.72623876E-02
  0.201012835       3.72814536E-02
  0.201280117       3.73028666E-02
  0.201545581       3.73276360E-02
  0.201809436       3.73553671E-02
  0.202071622       3.73859778E-02
  0.202332139       3.74194011E-02
  0.202590942       3.74556631E-02
  0.202847615       3.74954231E-02
  0.203101724       3.75391357E-02
  0.203353882       3.75858434E-02
  0.203603700       3.76359150E-02
  0.203851223       3.76893245E-02
  0.204096437       3.77458483E-02
  0.204339221       3.78056429E-02
  0.204579890       3.78681198E-02
  0.204818115       3.79336327E-02
  0.205053613       3.80024351E-02
  0.205286652       3.80741246E-02
  0.205517039       3.81487012E-02
  0.205744416       3.82265262E-02
  0.205969363       3.83068211E-02
  0.206191525       3.83898579E-02
  0.206410781       3.84756438E-02
  0.206627473       3.85636352E-02
  0.206841707       3.86538655E-02
  0.207053140       3.87463160E-02
  0.207262382       3.88404503E-02
  0.207468629       3.89370024E-02
  0.207671836       3.90355550E-02
  0.207871586       3.91362384E-02
  0.208067745       3.92391793E-02
  0.208261147       3.93437035E-02
  0.208451718       3.94497588E-02
  0.208638862       3.95575389E-02
  0.208822757       3.96667235E-02
  0.209003031       3.97772864E-02
  0.209179983       3.98891233E-02
  0.209353536       4.00020406E-02
  0.209523425       4.01160084E-02
  0.209689811       4.02307436E-02
  0.209853053       4.03461047E-02
  0.210013255       4.04617935E-02
  0.210170224       4.05778550E-02
  0.210324794       4.06935997E-02
  0.210476220       4.08092737E-02
  0.210624307       4.09242176E-02
  0.210769877       4.10389230E-02
  0.210912615       4.11530025E-02
  0.211052224       4.12661470E-02
  0.211189121       4.13778909E-02
  0.211323664       4.14882898E-02
  0.211455524       4.15971205E-02
  0.211585090       4.17043418E-02
  0.211712837       4.18096744E-02
  0.211838380       4.19133455E-02
  0.211961508       4.20153476E-02
  0.212081864       4.21152152E-02
  0.212200582       4.22131568E-02
  0.212317184       4.23089415E-02
  0.212431282       4.24024165E-02
  0.212543651       4.24931943E-02
  0.212654367       4.25816476E-02
  0.212763399       4.26680744E-02
  0.212870821       4.27515469E-02
  0.212977335       4.28331457E-02
  0.213082179       4.29118089E-02
  0.213185102       4.29876819E-02
  0.213286743       4.30607274E-02
  0.213387370       4.31311876E-02
  0.213486850       4.31988016E-02
  0.213585183       4.32645380E-02
  0.213682801       4.33278792E-02
  0.213779047       4.33887243E-02
  0.213873729       4.34468053E-02
  0.213967487       4.35022935E-02
  0.214060351       4.35551852E-02
  0.214152351       4.36054990E-02
  0.214243457       4.36533652E-02
  0.214334399       4.36979905E-02
  0.214424491       4.37397920E-02
  0.214513153       4.37788591E-02
  0.214601308       4.38159443E-02
  0.214689434       4.38501649E-02
  0.214777097       4.38820235E-02
  0.214863703       4.39116806E-02
  0.214950457       4.39394675E-02
  0.215037674       4.39651422E-02
  0.215123922       4.39880006E-02
  0.215209827       4.40089852E-02
  0.215295166       4.40270938E-02
  0.215380609       4.40428220E-02
  0.215464562       4.40564975E-02
  0.215548649       4.40678671E-02
  0.215632975       4.40776087E-02
  0.215717345       4.40850221E-02
  0.215800092       4.40904461E-02
  0.215883642       4.40939590E-02
  0.215967700       4.40950692E-02
  0.216051698       4.40945663E-02
  0.216135457       4.40921485E-02
  0.216219530       4.40884680E-02
  0.216304511       4.40831892E-02
  0.216388687       4.40759286E-02
  0.216473147       4.40671481E-02
  0.216558307       4.40572239E-02
  0.216642737       4.40456681E-02
  0.216727749       4.40327413E-02
  0.216812834       4.40189801E-02
  0.216898397       4.40042987E-02
  0.216983691       4.39884514E-02
  0.217068776       4.39716205E-02
  0.217154503       4.39537764E-02
  0.217239544       4.39346284E-02
  0.217325434       4.39143330E-02
  0.217411727       4.38933559E-02
  0.217498749       4.38717268E-02
  0.217585415       4.38491851E-02
  0.217672512       4.38258760E-02
  0.217760295       4.38019820E-02
  0.217848644       4.37772460E-02
  0.217937097       4.37513441E-02
  0.218025699       4.37250473E-02
  0.218114838       4.36984822E-02
  0.218203560       4.36712019E-02
  0.218292281       4.36432138E-02
  0.218382195       4.36149687E-02
  0.218472496       4.35864516E-02
  0.218562245       4.35577407E-02
  0.218653366       4.35289033E-02
  0.218745485       4.35003638E-02
  0.218837693       4.34718169E-02
  0.218930170       4.34430204E-02
  0.219022736       4.34143320E-02
  0.219116777       4.33860011E-02
  0.219211206       4.33578752E-02
  0.219305098       4.33300920E-02
  0.219399109       4.33025733E-02
  0.219494238       4.32756096E-02
  0.219590053       4.32485789E-02
  0.219685733       4.32219058E-02
  0.219781414       4.31956202E-02
  0.219877645       4.31694947E-02
  0.219974473       4.31443378E-02
  0.220071256       4.31196392E-02
  0.220168173       4.30953540E-02
  0.220265433       4.30719368E-02
  0.220363140       4.30486500E-02
  0.220460981       4.30259891E-02
  0.220559239       4.30038087E-02
  0.220658541       4.29822616E-02
  0.220757708       4.29614298E-02
  0.220856488       4.29414026E-02
  0.220955804       4.29221243E-02
  0.221055418       4.29037958E-02
  0.221156001       4.28861901E-02
  0.221255794       4.28697392E-02
  0.221355811       4.28539664E-02
  0.221455902       4.28394377E-02
  0.221556470       4.28257212E-02
  0.221657634       4.28131223E-02
  0.221758515       4.28017154E-02
  0.221859485       4.27912548E-02
  0.221960858       4.27819192E-02
  0.222062469       4.27739583E-02
  0.222163662       4.27670740E-02
  0.222265303       4.27616872E-02
  0.222367600       4.27573957E-02
  0.222469315       4.27543819E-02
  0.222571373       4.27524447E-02
  0.222674042       4.27519605E-02
  0.222777098       4.27527055E-02
  0.222879961       4.27547283E-02
  0.222879961       4.27547283E-02
  0.222879961       4.27547283E-02
  0.222879961       4.27547283E-02
  0.222879961       4.27547283E-02
  0.222879961       4.27547283E-02
  0.222879961       4.27547283E-02
  0.222879961       4.27547283E-02
  0.222879961       4.27547283E-02
  0.222879961       4.27547283E-02
  0.222879961       4.27547283E-02
  0.222879961       4.27547283E-02
  0.223157689       4.27547172E-02
  0.223435476       4.27547172E-02
  0.223713264       4.27547172E-02
  0.223991022       4.27547172E-02
  0.224268809       4.27547172E-02
  0.224546596       4.27547172E-02
  0.224824354       4.27547172E-02
  0.225102127       4.27547172E-02
  0.225379914       4.27547172E-02
  0.225657657       4.27547246E-02
  0.225935429       4.27547246E-02
  0.226213217       4.27547246E-02
  0.226490989       4.27547246E-02
  0.226768732       4.27547246E-02
  0.227046549       4.27547246E-02
  0.227324322       4.27547246E-02
  0.227602094       4.27547246E-02
  0.227879882       4.27547246E-02
  0.228157654       4.27547246E-02
  0.228435427       4.27547246E-02
  0.228713214       4.27547246E-02
  0.228990987       4.27547246E-02
  0.229268759       4.27547246E-02
  0.229546547       4.27547246E-02
  0.229824319       4.27547246E-02
  0.230102137       4.27547209E-02
  0.230379909       4.27547209E-02
  0.230657682       4.27547209E-02
  0.230935469       4.27547209E-02
  0.231213257       4.27547172E-02
  0.231491044       4.27547172E-02
  0.231768847       4.27547283E-02
  0.232046634       4.27547283E-02
  0.232324377       4.27547172E-02
  0.232602149       4.27547172E-02
  0.232879922       4.27547172E-02
  0.233157724       4.27547209E-02
  0.233435452       4.27547246E-02
  0.233713195       4.27547321E-02
  0.233990923       4.27547209E-02
  0.234268665       4.27547246E-02
  0.234546438       4.27547246E-02
  0.234824225       4.27547246E-02
  0.235101938       4.27547283E-02
  0.235379755       4.27547321E-02
  0.235657528       4.27547321E-02
  0.235935241       4.27547209E-02
  0.236213028       4.27547209E-02
  0.236490831       4.27547283E-02
  0.236768618       4.27547283E-02
  0.237046391       4.27547283E-02
  0.237323970       4.27550301E-02
  0.237601280       4.27561291E-02
  0.237878203       4.27581519E-02
  0.238154724       4.27611172E-02
  0.238430634       4.27654646E-02
  0.238705933       4.27708961E-02
  0.238980353       4.27782051E-02
  0.239253730       4.27876823E-02
  0.239525899       4.27997559E-02
  0.239796937       4.28140573E-02
  0.240066618       4.28310186E-02
  0.240335122       4.28502820E-02
  0.240602359       4.28719856E-02
  0.240867838       4.28969674E-02
  0.241131663       4.29248549E-02
  0.241393775       4.29557413E-02
  0.241654396       4.29893211E-02
  0.241913289       4.30258475E-02
  0.242170006       4.30657566E-02
  0.242424145       4.31094766E-02
  0.242676273       4.31560874E-02
  0.242926106       4.32062186E-02
  0.243173659       4.32594977E-02
  0.243418872       4.33158241E-02
  0.243661642       4.33752984E-02
  0.243902370       4.34373654E-02
  0.244140521       4.35022302E-02
  0.244376004       4.35704850E-02
  0.244609058       4.36412320E-02
  0.244839489       4.37149219E-02
  0.245066866       4.37914580E-02
  0.245291829       4.38704863E-02
  0.245514005       4.39520404E-02
  0.245733216       4.40361798E-02
  0.245949909       4.41223867E-02
  0.246164143       4.42106798E-02
  0.246375576       4.43010926E-02
  0.246584833       4.43930961E-02
  0.246791080       4.44872826E-02
  0.246994272       4.45835330E-02
  0.247194022       4.46818024E-02
  0.247390255       4.47821356E-02
  0.247583687       4.48841043E-02
  0.247774288       4.49874848E-02
  0.247961387       4.50925753E-02
  0.248145282       4.51992154E-02
  0.248325542       4.53072116E-02
  0.248502508       4.54163626E-02
  0.248676032       4.55268174E-02
  0.248845905       4.56381142E-02
  0.249012291       4.57503535E-02
  0.249175623       4.58633378E-02
  0.249335840       4.59765643E-02
  0.249492750       4.60901260E-02
  0.249647304       4.62036431E-02
  0.249798760       4.63170335E-02
  0.249946803       4.64300066E-02
  0.250092328       4.65427898E-02
  0.250234842       4.66549471E-02
  0.250374317       4.67663966E-02
  0.250511348       4.68766503E-02
  0.250645548       4.69857380E-02
  0.250777066       4.70932610E-02
  0.250906646       4.71994318E-02
  0.251033962       4.73038331E-02
  0.251159132       4.74068224E-02
  0.251281977       4.75082994E-02
  0.251401931       4.76076789E-02
  0.251520246       4.77054939E-02
  0.251636505       4.78011630E-02
  0.251750171       4.78947572E-02
  0.251861900       4.79859561E-02
  0.251971900       4.80749048E-02
  0.252080113       4.81619984E-02
  0.252187014       4.82465252E-02
  0.252292544       4.83290590E-02
  0.252396494       4.84090894E-02
  0.252498567       4.84864749E-02
  0.252599299       4.85613048E-02
  0.252698451       4.86337505E-02
  0.252797067       4.87036370E-02
  0.252894253       4.87715900E-02
  0.252990305       4.88374159E-02
  0.253085494       4.89009432E-02
  0.253178954       4.89618964E-02
  0.253270984       4.90204208E-02
  0.253362745       4.90767173E-02
  0.253452778       4.91304323E-02
  0.253542393       4.91819195E-02
  0.253631830       4.92306463E-02
  0.253719598       4.92764115E-02
  0.253806651       4.93199266E-02
  0.253892690       4.93615381E-02
  0.253978938       4.94004935E-02
  0.254064411       4.94373888E-02
  0.254149437       4.94721904E-02
  0.254233986       4.95053045E-02
  0.254318267       4.95363697E-02
  0.254402548       4.95649539E-02
  0.254486054       4.95916866E-02
  0.254568964       4.96159121E-02
  0.254651248       4.96379174E-02
  0.254733086       4.96578924E-02
  0.254814386       4.96758148E-02
  0.254896402       4.96921353E-02
  0.254977524       4.97064181E-02
  0.255057395       4.97186072E-02
  0.255138010       4.97291721E-02
  0.255218297       4.97376025E-02
  0.255299151       4.97443005E-02
  0.255380392       4.97495607E-02
  0.255461454       4.97531965E-02
  0.255541742       4.97554354E-02
  0.255622387       4.97559570E-02
  0.255703300       4.97549623E-02
  0.255784541       4.97527532E-02
  0.255866706       4.97489534E-02
  0.255947858       4.97439615E-02
  0.256028265       4.97379713E-02
  0.256109834       4.97311652E-02
  0.256191045       4.97232340E-02
  0.256272376       4.97142747E-02
  0.256354272       4.97042127E-02
  0.256435096       4.96929027E-02
  0.256517261       4.96804118E-02
  0.256598741       4.96672988E-02
  0.256681591       4.96533029E-02
  0.256763965       4.96383682E-02
  0.256846905       4.96227853E-02
  0.256929934       4.96063754E-02
  0.257014096       4.95891832E-02
  0.257097512       4.95707169E-02
  0.257181823       4.95516770E-02
  0.257266283       4.95323464E-02
  0.257350415       4.95121777E-02
  0.257434815       4.94911335E-02
  0.257518977       4.94697392E-02
  0.257604510       4.94479313E-02
  0.257690012       4.94257510E-02
  0.257775515       4.94034253E-02
  0.257862329       4.93814051E-02
  0.257949859       4.93589640E-02
  0.258036941       4.93362471E-02
  0.258125305       4.93135042E-02
  0.258213729       4.92909104E-02
  0.258302331       4.92684171E-02
  0.258390963       4.92458157E-02
  0.258480400       4.92235385E-02
  0.258569956       4.92016785E-02
  0.258659393       4.91795801E-02
  0.258750558       4.91576269E-02
  0.258840680       4.91357967E-02
  0.258931994       4.91139889E-02
  0.259022683       4.90928255E-02
  0.259113759       4.90719937E-02
  0.259205163       4.90513854E-02
  0.259297073       4.90315035E-02
  0.259389400       4.90115136E-02
  0.259482205       4.89919037E-02
  0.259574622       4.89726029E-02
  0.259666979       4.89538237E-02
  0.259761035       4.89354357E-02
  0.259854108       4.89177704E-02
  0.259948045       4.89005707E-02
  0.260042429       4.88842465E-02
  0.260136217       4.88684475E-02
  0.260230452       4.88534383E-02
  0.260324359       4.88392003E-02
  0.260418743       4.88256924E-02
  0.260513484       4.88130935E-02
  0.260608375       4.88012470E-02
  0.260703415       4.87906151E-02
  0.260798872       4.87807281E-02
  0.260894209       4.87716645E-02
  0.260989249       4.87639308E-02
  0.261085212       4.87573072E-02
  0.261180550       4.87517603E-02
  0.261276513       4.87472676E-02
  0.261372060       4.87438142E-02
  0.261469036       4.87413630E-02
  0.261565328       4.87401001E-02
  0.261661798       4.87400591E-02
  0.261759043       4.87410724E-02
  0.261855781       4.87432480E-02
  0.261952847       4.87463474E-02
  0.262050062       4.87503521E-02
  0.262148291       4.87556718E-02
  0.262245953       4.87620048E-02
  0.262343675       4.87693027E-02
  0.262441546       4.87780198E-02
  0.262539685       4.87879068E-02
  0.262637228       4.87986244E-02
  0.262735277       4.88105379E-02
  0.262833327       4.88233939E-02
  0.262930721       4.88373041E-02
  0.263029188       4.88520972E-02
  0.263127178       4.88678664E-02
  0.263225734       4.88848649E-02
  0.263323575       4.89027202E-02
  0.263421059       4.89214361E-02
  0.263518900       4.89410609E-02
  0.263615578       4.89614755E-02
  0.263714284       4.89833243E-02
  0.263811141       4.90060523E-02
  0.263909310       4.90296222E-02
  0.264006317       4.90539856E-02
  0.264102459       4.90796193E-02
  0.264199585       4.91056964E-02
  0.264295369       4.91328463E-02
  0.264392287       4.91607748E-02
  0.264488131       4.91896011E-02
  0.264584184       4.92190085E-02
  0.264680654       4.92492132E-02
  0.264775962       4.92803827E-02
  0.264871269       4.93123382E-02
  0.264965117       4.93448824E-02
  0.265059114       4.93784025E-02
  0.265152812       4.94124740E-02
  0.265245438       4.94474471E-02
  0.265338391       4.94833477E-02
  0.265431106       4.95199896E-02
  0.265522629       4.95574400E-02
  0.265613526       4.95958067E-02
  0.265704274       4.96347100E-02
  0.265794992       4.96741608E-02
  0.265885085       4.97144349E-02
  0.265975416       4.97555062E-02
  0.266063958       4.97971177E-02
  0.266153723       4.98395003E-02
  0.266241729       4.98820953E-02
  0.266328841       4.99255285E-02
  0.266416878       4.99694906E-02
  0.266504377       5.00139743E-02
  0.266591042       5.00588305E-02
  0.266676217       5.01044430E-02
  0.266761839       5.01506887E-02
  0.266846448       5.01973070E-02
  0.266931444       5.02444133E-02
  0.267015457       5.02919257E-02
  0.267099172       5.03399968E-02
  0.267181724       5.03882468E-02
  0.267264366       5.04370145E-02
  0.267345816       5.04862592E-02
  0.267426819       5.05356342E-02
  0.267507464       5.05854040E-02
  0.267587334       5.06355837E-02
  0.267666727       5.06860726E-02
  0.267745405       5.07367849E-02
  0.267823756       5.07878140E-02
  0.267900735       5.08390255E-02
  0.267978013       5.08907959E-02
  0.268054038       5.09427711E-02
  0.268130571       5.09950183E-02
  0.268205494       5.10472544E-02
  0.268279970       5.11000119E-02
  0.268353879       5.11527285E-02
  0.268426329       5.12058511E-02
  0.268499285       5.12590483E-02
  0.268571645       5.13127595E-02
  0.268643022       5.13662137E-02
  0.268713325       5.14196791E-02
  0.268783718       5.14731742E-02
  0.268853277       5.15269116E-02
  0.268922657       5.15807681E-02
  0.268990815       5.16349748E-02
  0.269058317       5.16890511E-02
  0.269124389       5.17432578E-02
  0.269190103       5.17975986E-02
  0.269256741       5.18518053E-02
  0.269322097       5.19059673E-02
  0.269386232       5.19604646E-02
  0.269449830       5.20147793E-02
  0.269513220       5.20689674E-02
  0.269575506       5.21233156E-02
  0.269637376       5.21777309E-02
  0.269699067       5.22317849E-02
  0.269759387       5.22862226E-02
  0.269819647       5.23402318E-02
  0.269879222       5.23942113E-02
  0.269938827       5.24482913E-02
  0.269996345       5.25023676E-02
  0.270054728       5.25559857E-02
  0.270110875       5.26100509E-02
  0.270166278       5.26639633E-02
  0.270221829       5.27175516E-02
  0.270276338       5.27714342E-02
  0.270330518       5.28251454E-02
  0.270383924       5.28787896E-02
  0.270437151       5.29327132E-02
  0.270488560       5.29865883E-02
  0.270540744       5.30401319E-02
  0.270591021       5.30939288E-02
  0.270640880       5.31475991E-02
  0.270690650       5.32009117E-02
  0.270740181       5.32546304E-02
  0.270788670       5.33082746E-02
  0.270835400       5.33614941E-02
  0.270883799       5.34149967E-02
  0.270929664       5.34681678E-02
  0.270975888       5.35211265E-02
  0.271021485       5.35742231E-02
  0.271066129       5.36272936E-02
  0.271111012       5.36800511E-02
  0.271154851       5.37334308E-02
  0.271198004       5.37865013E-02
  0.271241277       5.38393408E-02
  0.271281898       5.38925640E-02
  0.271323562       5.39456457E-02
  0.271365106       5.39983884E-02
  0.271405965       5.40514663E-02
  0.271446466       5.41044287E-02
  0.271485358       5.41570671E-02
  0.271523982       5.42100221E-02
  0.271562696       5.42626865E-02
  0.271600783       5.43152839E-02
  0.271638304       5.43683320E-02
  0.271674931       5.44208474E-02
  0.271711409       5.44729531E-02
  0.271746367       5.45255505E-02
  0.271782398       5.45778498E-02
  0.271816701       5.46300299E-02
  0.271850973       5.46822883E-02
  0.271884710       5.47341891E-02
  0.271917313       5.47857918E-02
  0.271949828       5.48380204E-02
  0.271981657       5.48897423E-02
  0.272013217       5.49411066E-02
  0.272043705       5.49928546E-02
